0
33
2002.578 -0.384123 -0.0441582
2003.447 -0.371152 -0.0369945
2003.455 -0.371431 -0.0369248
2004.511 -0.347173 -0.027707
2004.516 -0.347099 -0.0276825
2004.574 -0.345461 -0.0271449
2005.268 -0.324539 -0.0208845
2006.49 -0.277772 -0.00975217
2006.584 -0.273663 -0.00890744
2006.726 -0.267218 -0.00761961
2006.8 -0.263796 -0.00695324
2007.205 -0.244082 -0.00333832
2007.214 -0.243665 -0.00326586
2007.255 -0.241572 -0.00290309
2007.455 -0.231131 -0.00115843
2008.145 -0.19169 0.00460001
2008.197 -0.188489 0.0050113
2008.268 -0.184052 0.0055671
2008.456 -0.172141 0.00697995
2008.598 -0.162718 0.00801435
2008.708 -0.155277 0.00877843
2009.299 -0.111947 0.0122327
2009.334 -0.109155 0.0124033
2009.501 -0.0957502 0.013055
2009.605 -0.0871366 0.013362
2009.611 -0.0866774 0.0133757
2009.715 -0.0778428 0.0135848
2010.444 -0.01055599 0.00959112
2010.455 -0.00952454 0.00937707
2011.4 -0.120182 -0.050113
2012.374 -0.230629 -0.0657117
2013.488 -0.303614 -0.0699977
2015.581 -0.373757 -0.065206
