0
29
2004.511 0.00506296 0.190508
2004.516 0.00525238 0.190554
2005.268 0.0309695 0.19556
2006.49 0.071351 0.198274
2006.584 0.074418 0.198218
2006.726 0.0788562 0.198068
2006.8 0.0811906 0.197956
2007.205 0.0937889 0.196948
2007.214 0.0941246 0.196912
2007.255 0.095381 0.196771
2007.455 0.101441 0.195988
2008.145 0.121542 0.192086
2008.197 0.123013 0.191715
2008.268 0.125015 0.19119
2008.456 0.130258 0.1897
2008.598 0.134141 0.188485
2008.708 0.137087 0.187497
2009.299 0.152335 0.181345
2009.334 0.153148 0.180963
2009.501 0.15722 0.178955
2009.605 0.159706 0.177649
2009.611 0.1599 0.177544
2009.715 0.162278 0.176227
2010.444 0.178218 0.165506
2010.455 0.178439 0.165329
2011.4 0.195271 0.148229
2012.374 0.207216 0.126444
2013.488 0.211528 0.0958838
2015.581 0.168283 0.0180194
