0
26
2004.511 0.309664 -0.110215
2004.516 0.309617 -0.110273
2005.268 0.298763 -0.116925
2006.49 0.261885 -0.121516
2006.584 0.257924 -0.121496
2006.726 0.251858 -0.121356
2006.8 0.248503 -0.121226
2007.205 0.228287 -0.119787
2007.255 0.22546 -0.119507
2007.455 0.214091 -0.118217
2008.145 0.168357 -0.110783
2008.197 0.164441 -0.110003
2008.268 0.158971 -0.108878
2008.456 0.143806 -0.105553
2008.598 0.131729 -0.102695
2008.708 0.122039 -0.10027
2009.334 0.0594088 -0.0817186
2009.501 0.0402803 -0.0749702
2009.605 0.0278198 -0.0702528
2009.715 0.0142585 -0.0647904
2010.444 -0.0706939 -0.00941653
2010.455 -0.0710612 -0.00840054
2011.4 0.0397926 0.0083682
2012.374 0.145637 -0.0152445
2013.488 0.225959 -0.0432402
2015.581 0.302162 -0.0866975
